cam0:
  cam_overlaps: [1]
  camera_model: pinhole
  distortion_coeffs: [0.015475451004603973, -0.004197087526597393, 0.0004532833220958953,
    0.0029612477701919755]
  distortion_model: radtan
  intrinsics: [390.1638781953179, 390.51923903086305, 324.1084209780703, 239.0753391469334]
  resolution: [640, 480]
  rostopic: /cam0/image_raw
cam1:
  T_cn_cnm1:
  - [0.9999806536250193, -0.0001374255710850897, 0.006218801322005954, -0.05026951874434445]
  - [0.0001416859911785763, 0.9999997555885662, -0.0006846516476553413, -2.6593492050678435e-05]
  - [-0.006218705713416161, 0.0006855195191570887, 0.9999804286895968, -0.00021811554917248573]
  - [0.0, 0.0, 0.0, 1.0]
  cam_overlaps: [0]
  camera_model: pinhole
  distortion_coeffs: [0.017104453695328193, -0.0053545959537900385, 0.0008785539590562893,
    0.002163482053724168]
  distortion_model: radtan
  intrinsics: [390.2112077608165, 390.21613345469285, 321.6030226627894, 239.3507076327943]
  resolution: [640, 480]
  rostopic: /cam1/image_raw
